# Created by Octave 4.2.1, Tue Mar 20 19:54:13 2018 GMT <unknown@unknown>
# name: v
# type: matrix
# rows: 1
# columns: 3
 120 150 100


